

Package size: 24
Package data: -27281815 -593268347 -763091483 -1352252171 1769496328 -55539297 -1939461391 -1191204140 367457937 -2014201886 -756327540 866171910 2041733625 93525021 -1333331523 -874678086 101192864 169596487 -855876948 -728328420 -1981377735 -1651968765 -913852216 2064952282 

Package size: 82
Package data: 1556335151 192917780 2091975141 -1881860908 -591340741 1398109094 647601041 1921697754 1804672721 -1506658017 2008301461 -1198700579 587335974 -1390469922 -1405238957 464538671 -593931413 1483325792 850219327 1060963551 1189877150 -1520639633 1033787647 244511591 1480839472 1332690700 1927794918 -409451238 806812835 -44908766 1509180944 -471414107 604590991 1344901965 -1690775060 -435429670 850202899 1969794226 67484678 -1160025216 1057824660 1754874409 -126236732 -1610641201 977573723 1511584613 -1038427988 -894975531 -1751974973 995829282 -2062618244 777278311 1478064660 1835824369 -496995919 -1632275043 -1700795032 -1417636898 -604221101 672887968 1548869454 -915558007 1104137055 -753315340 964656680 69892364 -709845216 1370587951 -1946851141 -1050894575 1138119593 -1594958785 1075527858 549681630 716352155 -784585627 355545006 -1084285824 -380708601 859574622 1981072190 706004861 

Package size: 61
Package data: 1429777202 -958541172 -1438113541 1155309011 726143009 -1407271463 -1629638631 509166496 1900794229 -907037254 542086362 -1380102512 -747235224 230597750 -1028513128 899601471 885844479 -601541935 -2096074800 1528287295 -483493051 -691057050 -1432573464 44018069 1639211384 1134414278 -2037182695 731305117 -463229780 166603454 1988805167 -261298056 126147589 177774851 2047213929 -2143046148 -1533502405 -381349253 1342530179 131643264 -868747521 1358942085 -697842449 -1634053233 2101389267 2020880245 -226271077 -865635011 175222268 1171017207 -585996712 1387785476 -1409897365 -1828858828 763335352 -2141113078 -1559662906 -1298376873 1721957392 -1850637761 -1720581330 

Package size: 30
Package data: -1767515594 1104644616 -1327170658 -148825925 2056706647 -224281397 -361879990 -413971914 -1934169417 1992815718 -1805121891 -609553968 1893617857 2060230229 -1610378461 -1438270636 -1841383177 -1899599455 984169492 2116285182 1427989162 -1689273699 966879426 1507809275 635510547 -1544661272 -1689176013 -1473662462 -1645662297 -1490557327 

Package size: 27
Package data: -180895411 -37104881 -1717614153 255113843 589135107 99080063 -1099041880 941583887 -248269733 1899704099 918376160 1740305629 -1314464586 799484235 1943648313 -1614743284 798010538 463897546 -1341502777 915959594 -42940444 247831319 -2094844540 -742977727 -364521060 593764407 436511015 

Package size: 15
Package data: 1430791292 -379281250 -755538054 -1073003173 1766286406 -1129717700 -1401524503 -934041339 -1885183394 -2092588343 846072085 -2039182724 1388868010 -1314074038 -636005941 

Package size: 41
Package data: -1278542026 1443049845 1246413677 281237487 -453546942 -1108656835 -1090577252 1118244656 47829475 42594482 1113954013 177962369 2038127715 370144066 -859155371 387254640 -1636184250 -116337588 93705853 1591255307 336194818 1990633881 -762244609 1180502879 -895327604 470672938 820215248 1383612800 824014767 655477489 -622071884 1435516681 -1090629000 1330566020 503637290 -1208460667 411653858 -55048754 704458104 863594221 -463557361 

Package size: 61
Package data: 1059890491 -967667582 2126236659 -682709927 174348623 -875397679 1409685250 -1858601842 1003290905 -1401884161 65690683 -1392372798 9144846 1049344275 -973937523 -1294962250 381966580 -431081836 -817772331 295624585 820104187 1687722978 -580506681 -1157536446 59376542 985927889 -521025890 -682120729 31325282 271070643 -1760163842 -1745130247 -361536794 -765526660 -1771099347 -647350024 -641620948 373856105 1893087431 303161637 -337211151 -1568743028 624089987 959034466 -420708396 -1536910400 -526297953 -325576332 317010346 -854882895 1795169967 -748952681 -1558383085 1996006092 1783820828 624384083 -1172179931 -1948330563 2050153032 2037929351 1334663067 

Package size: 67
Package data: -948814036 -1316413452 1977686235 -1497939309 -500617129 523925585 -582920858 1410646445 -369231359 1750527740 -534954427 125003105 741310717 680809880 114432614 -1261612630 344063198 207358795 -969489096 124583909 -1164163617 -1026673693 -945946930 1795412872 480741896 496089102 1300076793 834115978 -308647618 865116549 -32674306 -1239031501 -1437111243 407307744 -395437007 -1070697383 25139870 2047561950 1706649298 -2133921249 -1937607412 -1365300945 501081560 614706172 -546138836 -2038908718 1847043886 272517460 572504077 655313278 626449249 1212968303 -1923086364 -173276865 -187002422 -1353631370 2038281317 -975956874 1249929368 487388341 -1690028311 480062684 956253562 -1283700241 647922418 89204369 -1767573414 

Package size: 14
Package data: -1954397718 -1950410321 -1076409327 -972734024 -1593822562 -1613909880 -319127962 51926294 -1224055893 254044134 619519912 216694449 -1883284890 -582218159 